
Cluster 1 :>
{'Alaska': [4.0, 10.0, 263.0, 48.0, 44.5], 'Mississippi': [4.0, 16.1, 259.0, 44.0, 17.1], 'South Carolina': [4.0, 14.4, 279.0, 48.0, 22.5]}

Cluster 2 :>
{'Kansas': [2.0, 6.0, 115.0, 66.0, 18.0], 'Oregon': [3.0, 4.9, 159.0, 67.0, 29.3], 'Iowa': [1.0, 2.2, 56.0, 57.0, 11.3], 'New Jersey': [3.0, 7.4, 159.0, 89.0, 18.8], 'Vermont': [1.0, 2.2, 48.0, 32.0, 11.2], 'Missouri': [3.0, 9.0, 178.0, 70.0, 28.2], 'Kentucky': [2.0, 9.7, 109.0, 52.0, 16.3], 'Massachusetts': [3.0, 4.4, 149.0, 85.0, 16.3], 'Washington': [3.0, 4.0, 145.0, 73.0, 26.2], 'North Dakota': [1.0, 0.8, 45.0, 44.0, 7.3], 'Virginia': [3.0, 8.5, 156.0, 63.0, 20.7], 'Utah': [2.0, 3.2, 120.0, 80.0, 22.9], 'Oklahoma': [3.0, 6.6, 151.0, 68.0, 20.0], 'Ohio': [2.0, 7.3, 120.0, 75.0, 21.4], 'New Hampshire': [1.0, 2.1, 57.0, 56.0, 9.5], 'Minnesota': [1.0, 2.7, 72.0, 66.0, 14.9], 'Wisconsin': [1.0, 2.6, 53.0, 66.0, 10.8], 'Idaho': [2.0, 2.6, 120.0, 54.0, 14.2], 'Wyoming': [3.0, 6.8, 161.0, 60.0, 15.6], 'Hawaii': [1.0, 5.3, 46.0, 83.0, 20.2], 'West Virginia': [1.0, 5.7, 81.0, 39.0, 9.3], 'Maine': [1.0, 2.1, 83.0, 51.0, 7.8], 'Pennsylvania': [2.0, 6.3, 106.0, 72.0, 14.9], 'Montana': [2.0, 6.0, 109.0, 53.0, 16.4], 'Nebraska': [2.0, 4.3, 102.0, 62.0, 16.5], 'Connecticut': [2.0, 3.3, 110.0, 77.0, 11.1], 'Rhodes Island': [3.0, 3.4, 174.0, 87.0, 8.3], 'Indiana': [2.0, 7.2, 113.0, 65.0, 21.0], 'South Dakota': [1.0, 3.8, 86.0, 45.0, 12.8]}

Cluster 3 :>
{'Florida': [4.0, 15.4, 335.0, 80.0, 31.9], 'Maryland': [4.0, 11.3, 300.0, 67.0, 27.8], 'Arizona': [4.0, 8.1, 294.0, 80.0, 31.0], 'North Carolina': [4.0, 13.0, 337.0, 45.0, 16.1], 'New Mexico': [4.0, 11.4, 285.0, 70.0, 32.1]}

Cluster 4 :>
{'Arkansas': [3.0, 8.8, 190.0, 50.0, 19.5], 'Alabama': [4.0, 13.2, 236.0, 58.0, 21.2], 'Colorado': [3.0, 7.9, 204.0, 78.0, 38.7], 'Louisiana': [4.0, 15.4, 249.0, 66.0, 22.2], 'Texas': [3.0, 12.7, 201.0, 80.0, 25.5], 'Tennessee': [3.0, 13.2, 188.0, 59.0, 26.9], 'Georgia': [3.0, 17.4, 211.0, 60.0, 25.8], 'Delaware': [4.0, 5.9, 238.0, 72.0, 15.8]}

Cluster 5 :>
{'California': [4.0, 9.0, 276.0, 91.0, 40.6], 'Nevada': [4.0, 12.2, 252.0, 81.0, 46.0], 'Michigan': [4.0, 12.1, 255.0, 74.0, 35.1], 'Illinois': [4.0, 10.4, 249.0, 83.0, 24.0], 'New York': [4.0, 11.1, 254.0, 86.0, 26.1]}
